0.0,0.0,256.0
0.0,0.05,269.8525
0.0,0.1,283.71
0.0,0.15,297.5725
0.0,0.2,311.44
0.0,0.25,325.3125
0.0,0.3,339.19
0.0,0.35,353.0725
0.0,0.4,366.96
0.0,0.45,380.8525
0.0,0.5,394.75
0.0,0.55,408.6525
0.0,0.6,422.56
0.0,0.65,436.4725
0.0,0.7,450.39
0.0,0.75,464.3125
0.0,0.8,478.24
0.0,0.85,492.1725
0.0,0.9,506.11
0.0,0.95,520.0525
0.0,1.0,534.0
0.05,0.0,340.2025
0.05,0.05,354.055
0.05,0.1,367.9125
0.05,0.15,381.775
0.05,0.2,395.6425
0.05,0.25,409.515
0.05,0.3,423.3925
0.05,0.35,437.275
0.05,0.4,451.1625
0.05,0.45,465.055
0.05,0.5,478.9525
0.05,0.55,492.855
0.05,0.6,506.7625
0.05,0.65,520.675
0.05,0.7,534.5925
0.05,0.75,548.515
0.05,0.8,562.4425
0.05,0.85,576.375
0.05,0.9,590.3125
0.05,0.95,604.255
0.05,1.0,618.2025
0.1,0.0,426.31
0.1,0.05,440.1625
0.1,0.1,454.02
0.1,0.15,467.8825
0.1,0.2,481.75
0.1,0.25,495.6225
0.1,0.3,509.5
0.1,0.35,523.3825
0.1,0.4,537.27
0.1,0.45,551.1625
0.1,0.5,565.06
0.1,0.55,578.9625
0.1,0.6,592.87
0.1,0.65,606.7825
0.1,0.7,620.7
0.1,0.75,634.6225
0.1,0.8,648.55
0.1,0.85,662.4825
0.1,0.9,676.42
0.1,0.95,690.3625
0.1,1.0,704.31
0.15,0.0,514.3225
0.15,0.05,528.175
0.15,0.1,542.0325
0.15,0.15,555.895
0.15,0.2,569.7625
0.15,0.25,583.635
0.15,0.3,597.5125
0.15,0.35,611.395
0.15,0.4,625.2825
0.15,0.45,639.175
0.15,0.5,653.0725
0.15,0.55,666.975
0.15,0.6,680.8825
0.15,0.65,694.795
0.15,0.7,708.7125
0.15,0.75,722.635
0.15,0.8,736.5625
0.15,0.85,750.495
0.15,0.9,764.4325
0.15,0.95,778.375
0.15,1.0,792.3225
0.2,0.0,604.24
0.2,0.05,618.0925
0.2,0.1,631.95
0.2,0.15,645.8125
0.2,0.2,659.68
0.2,0.25,673.5525
0.2,0.3,687.43
0.2,0.35,701.3125
0.2,0.4,715.2
0.2,0.45,729.0925
0.2,0.5,742.99
0.2,0.55,756.8925
0.2,0.6,770.8
0.2,0.65,784.7125
0.2,0.7,798.63
0.2,0.75,812.5525
0.2,0.8,826.48
0.2,0.85,840.4125
0.2,0.9,854.35
0.2,0.95,868.2925
0.2,1.0,882.24
0.25,0.0,696.0625
0.25,0.05,709.915
0.25,0.1,723.7725
0.25,0.15,737.635
0.25,0.2,751.5025
0.25,0.25,765.375
0.25,0.3,779.2525
0.25,0.35,793.135
0.25,0.4,807.0225
0.25,0.45,820.915
0.25,0.5,834.8125
0.25,0.55,848.715
0.25,0.6,862.6225
0.25,0.65,876.535
0.25,0.7,890.4525
0.25,0.75,904.375
0.25,0.8,918.3025
0.25,0.85,932.235
0.25,0.9,946.1725
0.25,0.95,960.115
0.25,1.0,974.0625
0.3,0.0,789.79
0.3,0.05,803.6425
0.3,0.1,817.5
0.3,0.15,831.3625
0.3,0.2,845.23
0.3,0.25,859.1025
0.3,0.3,872.98
0.3,0.35,886.8625
0.3,0.4,900.75
0.3,0.45,914.6425
0.3,0.5,928.54
0.3,0.55,942.4425
0.3,0.6,956.35
0.3,0.65,970.2625
0.3,0.7,984.18
0.3,0.75,998.1025
0.3,0.8,1012.03
0.3,0.85,1025.9625
0.3,0.9,1039.9
0.3,0.95,1053.8425
0.3,1.0,1067.79
0.35,0.0,885.4225
0.35,0.05,899.275
0.35,0.1,913.1325
0.35,0.15,926.995
0.35,0.2,940.8625
0.35,0.25,954.735
0.35,0.3,968.6125
0.35,0.35,982.495
0.35,0.4,996.3825
0.35,0.45,1010.275
0.35,0.5,1024.1725
0.35,0.55,1038.075
0.35,0.6,1051.9825
0.35,0.65,1065.895
0.35,0.7,1079.8125
0.35,0.75,1093.735
0.35,0.8,1107.6625
0.35,0.85,1121.595
0.35,0.9,1135.5325
0.35,0.95,1149.475
0.35,1.0,1163.4225
0.4,0.0,982.96
0.4,0.05,996.8125
0.4,0.1,1010.67
0.4,0.15,1024.5325
0.4,0.2,1038.4
0.4,0.25,1052.2725
0.4,0.3,1066.15
0.4,0.35,1080.0325
0.4,0.4,1093.92
0.4,0.45,1107.8125
0.4,0.5,1121.71
0.4,0.55,1135.6125
0.4,0.6,1149.52
0.4,0.65,1163.4325
0.4,0.7,1177.35
0.4,0.75,1191.2725
0.4,0.8,1205.2
0.4,0.85,1219.1325
0.4,0.9,1233.07
0.4,0.95,1247.0125
0.4,1.0,1260.96
0.45,0.0,1082.4025
0.45,0.05,1096.255
0.45,0.1,1110.1125
0.45,0.15,1123.975
0.45,0.2,1137.8425
0.45,0.25,1151.715
0.45,0.3,1165.5925
0.45,0.35,1179.475
0.45,0.4,1193.3625
0.45,0.45,1207.255
0.45,0.5,1221.1525
0.45,0.55,1235.055
0.45,0.6,1248.9625
0.45,0.65,1262.875
0.45,0.7,1276.7925
0.45,0.75,1290.715
0.45,0.8,1304.6425
0.45,0.85,1318.575
0.45,0.9,1332.5125
0.45,0.95,1346.455
0.45,1.0,1360.4025
0.5,0.0,1183.75
0.5,0.05,1197.6025
0.5,0.1,1211.46
0.5,0.15,1225.3225
0.5,0.2,1239.19
0.5,0.25,1253.0625
0.5,0.3,1266.94
0.5,0.35,1280.8225
0.5,0.4,1294.71
0.5,0.45,1308.6025
0.5,0.5,1322.5
0.5,0.55,1336.4025
0.5,0.6,1350.31
0.5,0.65,1364.2225
0.5,0.7,1378.14
0.5,0.75,1392.0625
0.5,0.8,1405.99
0.5,0.85,1419.9225
0.5,0.9,1433.86
0.5,0.95,1447.8025
0.5,1.0,1461.75
0.55,0.0,1287.0025
0.55,0.05,1300.855
0.55,0.1,1314.7125
0.55,0.15,1328.575
0.55,0.2,1342.4425
0.55,0.25,1356.315
0.55,0.3,1370.1925
0.55,0.35,1384.075
0.55,0.4,1397.9625
0.55,0.45,1411.855
0.55,0.5,1425.7525
0.55,0.55,1439.655
0.55,0.6,1453.5625
0.55,0.65,1467.475
0.55,0.7,1481.3925
0.55,0.75,1495.315
0.55,0.8,1509.2425
0.55,0.85,1523.175
0.55,0.9,1537.1125
0.55,0.95,1551.055
0.55,1.0,1565.0025
0.6,0.0,1392.16
0.6,0.05,1406.0125
0.6,0.1,1419.87
0.6,0.15,1433.7325
0.6,0.2,1447.6
0.6,0.25,1461.4725
0.6,0.3,1475.35
0.6,0.35,1489.2325
0.6,0.4,1503.12
0.6,0.45,1517.0125
0.6,0.5,1530.91
0.6,0.55,1544.8125
0.6,0.6,1558.72
0.6,0.65,1572.6325
0.6,0.7,1586.55
0.6,0.75,1600.4725
0.6,0.8,1614.4
0.6,0.85,1628.3325
0.6,0.9,1642.27
0.6,0.95,1656.2125
0.6,1.0,1670.16
0.65,0.0,1499.2225
0.65,0.05,1513.075
0.65,0.1,1526.9325
0.65,0.15,1540.795
0.65,0.2,1554.6625
0.65,0.25,1568.535
0.65,0.3,1582.4125
0.65,0.35,1596.295
0.65,0.4,1610.1825
0.65,0.45,1624.075
0.65,0.5,1637.9725
0.65,0.55,1651.875
0.65,0.6,1665.7825
0.65,0.65,1679.695
0.65,0.7,1693.6125
0.65,0.75,1707.535
0.65,0.8,1721.4625
0.65,0.85,1735.395
0.65,0.9,1749.3325
0.65,0.95,1763.275
0.65,1.0,1777.2225
0.7,0.0,1608.19
0.7,0.05,1622.0425
0.7,0.1,1635.9
0.7,0.15,1649.7625
0.7,0.2,1663.63
0.7,0.25,1677.5025
0.7,0.3,1691.38
0.7,0.35,1705.2625
0.7,0.4,1719.15
0.7,0.45,1733.0425
0.7,0.5,1746.94
0.7,0.55,1760.8425
0.7,0.6,1774.75
0.7,0.65,1788.6625
0.7,0.7,1802.58
0.7,0.75,1816.5025
0.7,0.8,1830.43
0.7,0.85,1844.3625
0.7,0.9,1858.3
0.7,0.95,1872.2425
0.7,1.0,1886.19
0.75,0.0,1719.0625
0.75,0.05,1732.915
0.75,0.1,1746.7725
0.75,0.15,1760.635
0.75,0.2,1774.5025
0.75,0.25,1788.375
0.75,0.3,1802.2525
0.75,0.35,1816.135
0.75,0.4,1830.0225
0.75,0.45,1843.915
0.75,0.5,1857.8125
0.75,0.55,1871.715
0.75,0.6,1885.6225
0.75,0.65,1899.535
0.75,0.7,1913.4525
0.75,0.75,1927.375
0.75,0.8,1941.3025
0.75,0.85,1955.235
0.75,0.9,1969.1725
0.75,0.95,1983.115
0.75,1.0,1997.0625
0.8,0.0,1831.84
0.8,0.05,1845.6925
0.8,0.1,1859.55
0.8,0.15,1873.4125
0.8,0.2,1887.28
0.8,0.25,1901.1525
0.8,0.3,1915.03
0.8,0.35,1928.9125
0.8,0.4,1942.8
0.8,0.45,1956.6925
0.8,0.5,1970.59
0.8,0.55,1984.4925
0.8,0.6,1998.4
0.8,0.65,2012.3125
0.8,0.7,2026.23
0.8,0.75,2040.1525
0.8,0.8,2054.08
0.8,0.85,2068.0125
0.8,0.9,2081.95
0.8,0.95,2095.8925
0.8,1.0,2109.84
0.85,0.0,1946.5225
0.85,0.05,1960.375
0.85,0.1,1974.2325
0.85,0.15,1988.095
0.85,0.2,2001.9625
0.85,0.25,2015.835
0.85,0.3,2029.7125
0.85,0.35,2043.595
0.85,0.4,2057.4825
0.85,0.45,2071.375
0.85,0.5,2085.2725
0.85,0.55,2099.175
0.85,0.6,2113.0825
0.85,0.65,2126.995
0.85,0.7,2140.9125
0.85,0.75,2154.835
0.85,0.8,2168.7625
0.85,0.85,2182.695
0.85,0.9,2196.6325
0.85,0.95,2210.575
0.85,1.0,2224.5225
0.9,0.0,2063.11
0.9,0.05,2076.9625
0.9,0.1,2090.82
0.9,0.15,2104.6825
0.9,0.2,2118.55
0.9,0.25,2132.4225
0.9,0.3,2146.3
0.9,0.35,2160.1825
0.9,0.4,2174.07
0.9,0.45,2187.9625
0.9,0.5,2201.86
0.9,0.55,2215.7625
0.9,0.6,2229.67
0.9,0.65,2243.5825
0.9,0.7,2257.5
0.9,0.75,2271.4225
0.9,0.8,2285.35
0.9,0.85,2299.2825
0.9,0.9,2313.22
0.9,0.95,2327.1625
0.9,1.0,2341.11
0.95,0.0,2181.6025
0.95,0.05,2195.455
0.95,0.1,2209.3125
0.95,0.15,2223.175
0.95,0.2,2237.0425
0.95,0.25,2250.915
0.95,0.3,2264.7925
0.95,0.35,2278.675
0.95,0.4,2292.5625
0.95,0.45,2306.455
0.95,0.5,2320.3525
0.95,0.55,2334.255
0.95,0.6,2348.1625
0.95,0.65,2362.075
0.95,0.7,2375.9925
0.95,0.75,2389.915
0.95,0.8,2403.8425
0.95,0.85,2417.775
0.95,0.9,2431.7125
0.95,0.95,2445.655
0.95,1.0,2459.6025
1.0,0.0,2302.0
1.0,0.05,2315.8525
1.0,0.1,2329.71
1.0,0.15,2343.5725
1.0,0.2,2357.44
1.0,0.25,2371.3125
1.0,0.3,2385.19
1.0,0.35,2399.0725
1.0,0.4,2412.96
1.0,0.45,2426.8525
1.0,0.5,2440.75
1.0,0.55,2454.6525
1.0,0.6,2468.56
1.0,0.65,2482.4725
1.0,0.7,2496.39
1.0,0.75,2510.3125
1.0,0.8,2524.24
1.0,0.85,2538.1725
1.0,0.9,2552.11
1.0,0.95,2566.0525
1.0,1.0,2580.0
